256;33;26.893;1227.068
256;33;25.887;1274.771
256;33;20.304;1625.317
272;40;17.626;2269.399
272;40;20.546;1946.832
272;40;19.753;2024.962
288;47;22.079;2128.766
288;47;21.413;2194.919
288;47;20.984;2239.783
304;56;26.237;2134.389
304;56;24.746;2262.997
304;56;24.728;2264.634
320;65;28.575;2274.720
320;65;30.435;2135.710
320;65;30.410;2137.468
336;76;33.731;2253.153
336;76;33.354;2278.601
336;76;35.285;2153.861
352;87;39.410;2207.568
352;87;41.461;2098.382
352;87;41.589;2091.898
368;99;46.280;2139.168
368;99;45.902;2156.746
368;99;45.151;2192.643
384;113;59.477;1899.899
384;113;54.522;2072.575
384;113;57.202;1975.468
400;128;57.818;2213.855
400;128;58.021;2206.113
400;128;57.785;2215.097
416;144;66.235;2174.075
416;144;67.921;2120.098
416;144;67.204;2142.737
432;161;74.802;2152.337
432;161;72.510;2220.383
432;161;73.042;2204.207
448;180;85.666;2101.173
448;180;84.995;2117.777
448;180;86.154;2089.277
464;200;90.518;2209.517
464;200;89.919;2224.222
464;200;90.303;2214.767
480;221;102.159;2163.304
480;221;102.272;2160.914
480;221;103.612;2132.964
496;244;110.588;2206.386
496;244;109.380;2230.760
496;244;109.812;2221.979
512;268;205.792;1302.285
512;268;207.541;1291.314
512;268;211.638;1266.312
528;294;140.414;2093.801
528;294;144.427;2035.636
528;294;143.864;2043.601
544;322;156.017;2063.880
544;322;156.568;2056.617
544;322;157.012;2050.796
560;351;170.296;2061.112
560;351;168.435;2083.892
560;351;172.735;2032.009
576;382;189.121;2019.866
576;382;193.310;1976.105
576;382;190.627;2003.910
592;415;204.601;2028.335
592;415;204.683;2027.522
592;415;202.796;2046.389
608;450;218.678;2057.825
608;450;220.372;2042.004
608;450;231.653;1942.559
624;486;237.624;2045.244
624;486;238.105;2041.120
624;486;286.057;1698.964
640;525;463.957;1131.571
640;525;483.819;1085.116
640;525;473.341;1109.138
656;565;361.935;1561.052
656;565;354.594;1593.371
656;565;355.226;1590.535
672;607;387.318;1567.189
672;607;379.239;1600.574
672;607;376.920;1610.422
688;652;406.886;1602.416
688;652;409.996;1590.259
688;652;412.767;1579.585
704;698;474.303;1471.633
704;698;424.306;1645.038
704;698;423.360;1648.716
720;747;414.784;1800.938
720;747;415.210;1799.089
720;747;419.078;1782.484
736;798;430.036;1855.660
736;798;400.075;1994.625
736;798;401.696;1986.577
752;851;426.129;1997.046
752;851;423.459;2009.638
752;851;420.083;2025.791
768;907;733.029;1237.331
768;907;728.210;1245.520
768;907;698.311;1298.849
784;965;463.603;2081.520
784;965;473.518;2037.936
784;965;471.390;2047.139
800;1025;525.619;1950.082
800;1025;740.827;1383.589
800;1025;479.446;2137.882
816;1088;530.271;2051.781
816;1088;541.006;2011.069
816;1088;562.166;1935.370
832;1153;653.864;1763.365
832;1153;800.302;1440.707
832;1153;692.398;1665.227
848;1221;605.672;2015.943
848;1221;577.635;2113.791
848;1221;593.381;2057.700
864;1291;992.820;1300.337
864;1291;1087.086;1187.578
864;1291;978.679;1319.125
880;1364;1176.912;1158.965
880;1364;698.625;1952.406
880;1364;723.320;1885.750
896;1440;1175.088;1225.440
896;1440;1480.455;972.674
896;1440;1499.597;960.258
912;1518;997.994;1521.051
912;1518;1039.925;1459.721
912;1518;882.530;1720.055
928;1600;973.395;1643.731
928;1600;964.782;1658.405
928;1600;861.294;1857.670
944;1684;902.760;1865.390
944;1684;1047.295;1607.953
944;1684;982.640;1713.750
960;1771;1281.489;1381.986
960;1771;1164.776;1520.465
960;1771;1347.050;1314.725
976;1861;1264.994;1471.154
976;1861;1098.475;1694.167
976;1861;1292.396;1439.961
992;1954;1349.892;1447.523
992;1954;1583.471;1233.998
992;1954;1541.497;1267.599
1008;2050;1408.518;1455.431
1008;2050;1348.215;1520.529
1008;2050;1688.536;1214.069
1024;2149;4528.687;474.530
1024;2149;3658.188;587.449
1024;2149;4282.417;501.819
1040;2251;3865.751;582.293
1040;2251;3510.223;641.270
1040;2251;3447.910;652.859
1056;2357;4321.047;545.470
1056;2357;5426.679;434.336
1056;2357;4648.239;507.074
1072;2466;6008.665;410.407
1072;2466;5228.161;471.676
1072;2466;4845.918;508.882
1088;2578;5478.508;470.566
1088;2578;6883.960;374.494
1088;2578;6313.612;408.324
1104;2693;6761.711;398.272
1104;2693;6172.190;436.312
1104;2693;6308.288;426.899
1120;2812;8105.906;346.908
1120;2812;9515.575;295.515
1120;2812;8794.707;319.738
1136;2934;8551.522;343.097
1136;2934;8635.512;339.760
1136;2934;8322.818;352.525
1152;3060;9516.702;321.540
1152;3060;9625.051;317.920
1152;3060;9693.080;315.689
1168;3189;9669.835;329.788
1168;3189;9806.366;325.197
1168;3189;9713.811;328.295
1184;3322;10082.548;329.480
1184;3322;9990.606;332.512
1184;3322;10081.860;329.503
1200;3458;11341.192;304.906
1200;3458;11329.462;305.222
1200;3458;11777.840;293.602
1216;3599;12260.330;293.548
1216;3599;12319.013;292.150
1216;3599;12260.855;293.536
1232;3742;12564.728;297.818
1232;3742;12614.911;296.633
1232;3742;12613.777;296.660
1248;3890;11053.754;351.917
1248;3890;11013.805;353.193
1248;3890;10866.448;357.983
1264;4042;13922.037;290.331
1264;4042;13944.085;289.872
1264;4042;13764.913;293.645
1280;4197;13980.363;300.207
1280;4197;14031.302;299.117
1280;4197;14039.968;298.932
1296;4356;14849.864;293.336
1296;4356;14810.243;294.121
1296;4356;14818.261;293.962
1312;4520;15186.108;297.640
1312;4520;14989.659;301.541
1312;4520;15038.101;300.570
1328;4687;16218.844;288.985
1328;4687;16210.765;289.129
1328;4687;16237.198;288.658
1344;4859;16380.790;296.628
1344;4859;16654.519;291.753
1344;4859;16514.103;294.233
1360;5034;17461.899;288.285
1360;5034;17598.531;286.047
1360;5034;17536.308;287.062
1376;5214;18123.261;287.697
1376;5214;17958.677;290.333
1376;5214;17696.719;294.631
1392;5398;18693.762;288.759
1392;5398;18611.510;290.036
1392;5398;18647.709;289.473
1408;5586;19155.972;291.606
1408;5586;19139.171;291.862
1408;5586;19002.460;293.962
1424;5779;19580.434;295.142
1424;5779;19482.909;296.619
1424;5779;19454.483;297.052
1440;5976;18434.360;324.177
1440;5976;18336.787;325.902
1440;5976;18365.844;325.387
1456;6177;18966.921;325.672
1456;6177;18980.398;325.441
1456;6177;18937.425;326.180
1472;6383;22723.701;280.896
1472;6383;23051.848;276.898
1472;6383;22437.811;284.475
1488;6593;22948.864;287.291
1488;6593;22969.814;287.029
